v2.0 raw
01 42 12 53 23 64 34 75
01 42 12 53 23 64 34 75
01 42 12 53 23 64 34 75
01 42 12 53 23 64 34 75
01 42 12 53 23 64 34 75
01 42 12 53 23 64 34 75
01 42 12 53 23 64 34 75
01 42 12 53 23 64 34 75
01 42 12 53 23 64 34 75
01 42 12 53 23 64 34 75
01 42 12 53 23 64 34 75
01 42 12 53 23 64 34 75
01 42 12 53 23 64 34 75
01 42 12 53 23 64 34 75
01 42 12 53 23 64 34 75
01 42 12 53 23 64 34 75
01 42 12 53 23 64 34 75
01 42 12 53 23 64 34 75
01 42 12 53 23 64 34 75
01 42 12 53 23 64 34 75
01 42 12 53 23 64 34 75
01 42 12 53 23 64 34 75
01 42 12 53 23 64 34 75
01 42 12 53 23 64 34 75
01 42 12 53 23 64 34 75
01 42 12 53 23 64 34 75
01 42 12 53 23 64 34 75
01 42 12 53 23 64 34 75
01 42 12 53 23 64 34 75
01 42 12 53 23 64 34 75
01 42 12 53 23 64 34 75
01 42 12 53 23 64 34 75

